"NE1"	"NE2"	"NE3"	"NE4"	"NE5"	"M12"	"M21"	"M23"	"M32"	"M45"	"M54"	"TDIV"	"MUTR"
67982	374316	30247	22565	151362	0.302987137155684	0.223360706790423	0.303691988737852	0.170805280638803	0.289156064579993	0.118104643370131	45313	0.000259360207852908
67982	374316	30247	22565	151362	0.302987137155684	0.223360706790423	0.303691988737852	0.170805280638803	0.289156064579993	0.118104643370131	45313	0.000259360207852908
180383	203202	387271	403106	416884	0.291957603485107	0.215392172905794	0.44589141639061	0.325014112983625	0.327438578121898	0.420197993792941	147586	0.000217639604957076
180383	203202	387271	403106	416884	0.291957603485107	0.215392172905794	0.44589141639061	0.325014112983625	0.327438578121898	0.420197993792941	147586	0.000217639604957076
225883	70840	454944	449049	269895	0.292196700066565	0.144620875258158	0.0730671420850151	0.418833760590575	0.322811267343825	0.309458814826034	39457	0.000322502426310326
225883	70840	454944	449049	269895	0.292196700066565	0.144620875258158	0.0730671420850151	0.418833760590575	0.322811267343825	0.309458814826034	39457	0.000322502426310326
236845	474797	227445	497436	356619	0.495601315758606	0.276990950553593	0.123388546340882	0.0117409403189349	0.206599530186572	0.159194065706688	195130	0.000369812237656093
236845	474797	227445	497436	356619	0.495601315758606	0.276990950553593	0.123388546340882	0.0117409403189349	0.206599530186572	0.159194065706688	195130	0.000369812237656093
151511	83638	258264	171572	135745	0.258943651237213	0.219346762031967	0.327134040995712	0.238717113562022	0.160022236504682	0.45817542899383	28683	0.00034180665618123
151511	83638	258264	171572	135745	0.258943651237213	0.219346762031967	0.327134040995712	0.238717113562022	0.160022236504682	0.45817542899383	28683	0.00034180665618123
499045	202945	114047	498648	324198	0.235432304854649	0.420543060331263	0.331911057919234	0.251206508753151	0.4582512777668	0.181101484861997	133419	0.000377849371896824
499045	202945	114047	498648	324198	0.235432304854649	0.420543060331263	0.331911057919234	0.251206508753151	0.4582512777668	0.181101484861997	133419	0.000377849371896824
494127	153316	39489	33248	41322	0.172884778773854	0.466842288101284	0.272386582441438	0.349195749451266	0.347534944142603	0.0720059250426574	137803	0.00025034621850471
494127	153316	39489	33248	41322	0.172884778773854	0.466842288101284	0.272386582441438	0.349195749451266	0.347534944142603	0.0720059250426574	137803	0.00025034621850471
224503	438541	313602	284064	52152	0.239388300627153	0.177214391825885	0.314092290261047	0.125827848495476	0.374014234073043	0.0826381747809031	158535	7.08758448323933e-05
224503	438541	313602	284064	52152	0.239388300627153	0.177214391825885	0.314092290261047	0.125827848495476	0.374014234073043	0.0826381747809031	158535	7.08758448323933e-05
367667	444001	434770	184672	442993	0.0935284947025505	0.316523917851981	0.375716819094397	0.23049538892578	0.197171921399718	0.348128484516536	55993	0.000497682867448428
367667	444001	434770	184672	442993	0.0935284947025505	0.316523917851981	0.375716819094397	0.23049538892578	0.197171921399718	0.348128484516536	55993	0.000497682867448428
130273	188095	245031	102922	204359	0.262422331152665	0.102960590368729	0.0777067260647825	0.312141964587776	0.0649042225530009	0.237299308124134	84754	8.1770819549216e-05
130273	188095	245031	102922	204359	0.262422331152665	0.102960590368729	0.0777067260647825	0.312141964587776	0.0649042225530009	0.237299308124134	84754	8.1770819549216e-05
137385	178722	205682	34634	426882	0.0337280224788109	0.0173104426698461	0.374643179256657	0.488272568117999	0.0720330340965205	0.316312707280242	110578	0.000203856502621435
137385	178722	205682	34634	426882	0.0337280224788109	0.0173104426698461	0.374643179256657	0.488272568117999	0.0720330340965205	0.316312707280242	110578	0.000203856502621435
101538	463602	59503	284869	131380	0.391088773714271	0.12310474383121	0.103707286274091	0.197610369324104	0.400655890082326	0.236064219560286	85530	0.000357977386348415
101538	463602	59503	284869	131380	0.391088773714271	0.12310474383121	0.103707286274091	0.197610369324104	0.400655890082326	0.236064219560286	85530	0.000357977386348415
358872	276195	2229	214909	250642	0.496570082621058	0.494208475586434	0.304076407962239	0.279221579641214	0.413528909148365	0.213683203901034	23736	4.57610937629361e-05
358872	276195	2229	214909	250642	0.496570082621058	0.494208475586434	0.304076407962239	0.279221579641214	0.413528909148365	0.213683203901034	23736	4.57610937629361e-05
126273	203673	216215	85413	267682	0.496482327587487	0.31023974614917	0.260693883070635	0.278904563025384	0.26922844652606	0.107151847536336	179724	0.000186620354101295
126273	203673	216215	85413	267682	0.496482327587487	0.31023974614917	0.260693883070635	0.278904563025384	0.26922844652606	0.107151847536336	179724	0.000186620354101295
72023	68881	366423	368557	93231	0.383912408607356	0.0983179873904265	0.265890565004895	0.143377196407729	0.115415884252533	0.375141614715691	23040	5.57494400017895e-05
72023	68881	366423	368557	93231	0.383912408607356	0.0983179873904265	0.265890565004895	0.143377196407729	0.115415884252533	0.375141614715691	23040	5.57494400017895e-05
427484	23618	351485	392621	80171	0.0847333443973012	0.0448680055349958	0.395918234343188	0.110354087279884	0.325454400153676	0.296506860584019	194687	0.000130792616275023
427484	23618	351485	392621	80171	0.0847333443973012	0.0448680055349958	0.395918234343188	0.110354087279884	0.325454400153676	0.296506860584019	194687	0.000130792616275023
165636	393399	111059	106528	245790	0.0462916063604237	0.06600643420312	0.282196589831942	0.15071799233563	0.0929705768349478	0.205482446595534	174816	1.62984772545751e-05
165636	393399	111059	106528	245790	0.0462916063604237	0.06600643420312	0.282196589831942	0.15071799233563	0.0929705768349478	0.205482446595534	174816	1.62984772545751e-05
438714	21662	240776	91386	361425	0.473141961435487	0.372455806260835	0.160826548098931	0.00842602393184516	0.311502171009589	0.197293873201177	33453	9.73239172757603e-05
438714	21662	240776	91386	361425	0.473141961435487	0.372455806260835	0.160826548098931	0.00842602393184516	0.311502171009589	0.197293873201177	33453	9.73239172757603e-05
281323	256532	24503	407766	319583	0.390964682082787	0.331031693367154	0.106928003341067	0.232308100396641	0.453935749571698	0.0362128759696849	37398	0.000400200179901323
281323	256532	24503	407766	319583	0.390964682082787	0.331031693367154	0.106928003341067	0.232308100396641	0.453935749571698	0.0362128759696849	37398	0.000400200179901323
179828	395500	260901	148186	32180	0.352073563791504	0.220607323083087	0.342586866778361	0.216566470203613	0.385723313312426	0.191653813735739	127939	0.000103352354480769
179828	395500	260901	148186	32180	0.352073563791504	0.220607323083087	0.342586866778361	0.216566470203613	0.385723313312426	0.191653813735739	127939	0.000103352354480769
150472	69342	10157	45351	51260	0.325193531229528	0.167464955560037	0.405085446270022	0.425057768156694	0.284781835821623	0.341552739697753	54925	0.000391024286891217
150472	69342	10157	45351	51260	0.325193531229528	0.167464955560037	0.405085446270022	0.425057768156694	0.284781835821623	0.341552739697753	54925	0.000391024286891217
337742	432840	200343	370717	382207	0.441667501814913	0.128413754792861	0.259968398269698	0.131249787907009	0.265970273644268	0.227462377245789	60564	6.48477673472371e-06
337742	432840	200343	370717	382207	0.441667501814913	0.128413754792861	0.259968398269698	0.131249787907009	0.265970273644268	0.227462377245789	60564	6.48477673472371e-06
255797	281816	428164	400735	72900	0.241154098003979	0.0562561787226541	0.283563109081979	0.171607015845569	0.311624910826359	0.0898702811736119	5045	8.75955246787053e-05
255797	281816	428164	400735	72900	0.241154098003979	0.0562561787226541	0.283563109081979	0.171607015845569	0.311624910826359	0.0898702811736119	5045	8.75955246787053e-05
14494	283680	357990	113492	8986	0.445831738055055	0.101819867366073	0.170018862894391	0.0755174145210249	0.401762019340847	0.102095878896762	124952	0.000422012270320789
14494	283680	357990	113492	8986	0.445831738055055	0.101819867366073	0.170018862894391	0.0755174145210249	0.401762019340847	0.102095878896762	124952	0.000422012270320789
415914	183532	315725	275524	447128	0.0979384668063564	0.118062874600481	0.0209871306118297	0.172186757162189	0.499485489564114	0.441489956575119	52744	0.000437045442388509
415914	183532	315725	275524	447128	0.0979384668063564	0.118062874600481	0.0209871306118297	0.172186757162189	0.499485489564114	0.441489956575119	52744	0.000437045442388509
177269	50410	339490	338495	58700	0.466722277758143	0.3089062830297	0.339622823958665	0.393619672724465	0.108225653964401	0.24707208345007	87980	0.000219541591233341
177269	50410	339490	338495	58700	0.466722277758143	0.3089062830297	0.339622823958665	0.393619672724465	0.108225653964401	0.24707208345007	87980	0.000219541591233341
220906	81070	334570	412064	68421	0.0175457854392589	0.105071561735219	0.165771752100205	0.0837055880287527	0.0398523647926371	0.208584637963967	87319	0.000294307706760825
220906	81070	334570	412064	68421	0.0175457854392589	0.105071561735219	0.165771752100205	0.0837055880287527	0.0398523647926371	0.208584637963967	87319	0.000294307706760825
360400	432421	176931	262275	38738	0.303258979737291	0.336497242423817	0.0217776112509656	0.294905833844502	0.184236005463729	0.166983610219459	161969	7.46177624980919e-05
360400	432421	176931	262275	38738	0.303258979737291	0.336497242423817	0.0217776112509656	0.294905833844502	0.184236005463729	0.166983610219459	161969	7.46177624980919e-05
323285	166182	391924	224319	344368	0.484866402840707	0.199965336843691	0.442611905977353	0.0578575661168375	0.44380810681793	0.251221258108735	150762	0.000471849115136545
323285	166182	391924	224319	344368	0.484866402840707	0.199965336843691	0.442611905977353	0.0578575661168375	0.44380810681793	0.251221258108735	150762	0.000471849115136545
195978	311431	5252	298658	101117	0.3034090442091	0.00946630298012224	0.0613151068725331	0.304012062420026	0.112211525168055	0.215859702774497	142611	1.23857975555584e-05
195978	311431	5252	298658	101117	0.3034090442091	0.00946630298012224	0.0613151068725331	0.304012062420026	0.112211525168055	0.215859702774497	142611	1.23857975555584e-05
239633	55991	407692	110848	477317	0.478151299103088	0.497571735764122	0.00352940213974797	0.173352871277807	0.112125187258194	0.41593973332133	90447	0.000140175073587918
239633	55991	407692	110848	477317	0.478151299103088	0.497571735764122	0.00352940213974797	0.173352871277807	0.112125187258194	0.41593973332133	90447	0.000140175073587918
214584	15435	36144	222415	408638	0.478481883691819	0.22932974291617	0.064915175488533	0.366759537054348	0.278104525503253	0.333168750846076	73210	0.000477403739548055
214584	15435	36144	222415	408638	0.478481883691819	0.22932974291617	0.064915175488533	0.366759537054348	0.278104525503253	0.333168750846076	73210	0.000477403739548055
84114	415568	483709	496536	456929	0.178656777427606	0.073822507439376	0.389712350547166	0.494937002901801	0.481405537845503	0.246156093357248	108495	0.000355961159888888
84114	415568	483709	496536	456929	0.178656777427606	0.073822507439376	0.389712350547166	0.494937002901801	0.481405537845503	0.246156093357248	108495	0.000355961159888888
495203	7134	403316	273498	62555	0.489898888298023	0.36963621261991	0.385601840327185	0.455200730214087	0.346592984003424	0.266149620411163	73982	3.37572299063904e-05
495203	7134	403316	273498	62555	0.489898888298023	0.36963621261991	0.385601840327185	0.455200730214087	0.346592984003424	0.266149620411163	73982	3.37572299063904e-05
207111	365168	440287	356841	434157	0.300499816824145	0.183717840867313	0.378574751676767	0.40588022647623	0.354422981443465	0.157040752690751	111391	0.000376509860281018
207111	365168	440287	356841	434157	0.300499816824145	0.183717840867313	0.378574751676767	0.40588022647623	0.354422981443465	0.157040752690751	111391	0.000376509860281018
180665	145428	160052	420530	132050	0.0732275956929538	0.205842245725634	0.125487035889421	0.0563359915537398	0.312960803417176	0.367597498148058	121810	0.000324333111238899
180665	145428	160052	420530	132050	0.0732275956929538	0.205842245725634	0.125487035889421	0.0563359915537398	0.312960803417176	0.367597498148058	121810	0.000324333111238899
145793	271246	189313	304813	191559	0.240176828515684	0.106908855465387	0.484467453005124	0.194551045569542	0.283685696045432	0.231701830356536	185965	0.000181157705494086
145793	271246	189313	304813	191559	0.240176828515684	0.106908855465387	0.484467453005124	0.194551045569542	0.283685696045432	0.231701830356536	185965	0.000181157705494086
424065	438340	6377	226409	472984	0.0232672171190156	0.0951790014462047	0.296847348624158	0.326703514202639	0.245530719912116	0.176201576898202	102560	0.000280601370658493
424065	438340	6377	226409	472984	0.0232672171190156	0.0951790014462047	0.296847348624158	0.326703514202639	0.245530719912116	0.176201576898202	102560	0.000280601370658493
55734	189669	302007	454915	462291	0.306037407290685	0.101308808993718	0.346538902334455	0.443724858105043	0.446274824431514	0.458111474607098	106991	0.000116377573709469
55734	189669	302007	454915	462291	0.306037407290685	0.101308808993718	0.346538902334455	0.443724858105043	0.446274824431514	0.458111474607098	106991	0.000116377573709469
90447	409655	420630	203379	294251	0.0253722466474914	0.215992776779366	0.321258045042721	0.48091262675914	0.343001018708714	0.142995903283973	95316	0.000467730839323136
90447	409655	420630	203379	294251	0.0253722466474914	0.215992776779366	0.321258045042721	0.48091262675914	0.343001018708714	0.142995903283973	95316	0.000467730839323136
72551	102881	216586	31525	274329	0.240249554098407	0.301599929622431	0.0901314294945319	0.26640142453988	0.41771786513431	0.14156394768016	23400	0.000225067404800444
72551	102881	216586	31525	274329	0.240249554098407	0.301599929622431	0.0901314294945319	0.26640142453988	0.41771786513431	0.14156394768016	23400	0.000225067404800444
344858	369291	258364	150769	465667	0.23158565845938	0.260054226396866	0.33013559050372	0.233483641010094	0.121902290789372	0.193771365711112	117577	0.000334204915157636
344858	369291	258364	150769	465667	0.23158565845938	0.260054226396866	0.33013559050372	0.233483641010094	0.121902290789372	0.193771365711112	117577	0.000334204915157636
288214	233052	75458	497964	278068	0.451921201872871	0.426464122750719	0.443038174414378	0.260469392421085	0.365952234401242	0.137861629508143	135204	0.000234454380325857
288214	233052	75458	497964	278068	0.451921201872871	0.426464122750719	0.443038174414378	0.260469392421085	0.365952234401242	0.137861629508143	135204	0.000234454380325857
326562	416181	270758	490552	295864	0.253051903127057	0.0441216280255386	0.466200916629828	0.492554261480448	0.0818288028454555	0.402158443546028	54123	0.000304084161392879
326562	416181	270758	490552	295864	0.253051903127057	0.0441216280255386	0.466200916629828	0.492554261480448	0.0818288028454555	0.402158443546028	54123	0.000304084161392879
217421	299587	98788	55163	126522	0.408785427288042	0.187821245096064	0.203448512369617	0.480949523198335	0.190132486671615	0.0556697465518415	146338	0.000256348599288613
217421	299587	98788	55163	126522	0.408785427288042	0.187821245096064	0.203448512369617	0.480949523198335	0.190132486671615	0.0556697465518415	146338	0.000256348599288613
344611	238130	320028	389724	410748	0.202673478413842	0.212213053477945	0.23090201018181	0.399100035980047	0.316316630942241	0.0607249763033687	145269	0.000291294620386325
344611	238130	320028	389724	410748	0.202673478413842	0.212213053477945	0.23090201018181	0.399100035980047	0.316316630942241	0.0607249763033687	145269	0.000291294620386325
169056	80650	36228	347525	34380	0.0099941407584395	0.253331757527512	0.428644210010055	0.392943262802346	0.181854497579124	0.354702389973238	30831	0.000166343946083449
169056	80650	36228	347525	34380	0.0099941407584395	0.253331757527512	0.428644210010055	0.392943262802346	0.181854497579124	0.354702389973238	30831	0.000166343946083449
441257	173119	261645	353922	461019	0.0346646180835554	0.220202462608796	0.292141469844033	0.486090823919391	0.322494233265697	0.331676449614085	94814	5.95618277105968e-05
441257	173119	261645	353922	461019	0.0346646180835554	0.220202462608796	0.292141469844033	0.486090823919391	0.322494233265697	0.331676449614085	94814	5.95618277105968e-05
381031	82028	288555	361586	188269	0.207985239221805	0.463550521599385	0.244536911415498	0.457920478275386	0.197642426960457	0.389809498318129	102911	0.00011728189307265
381031	82028	288555	361586	188269	0.207985239221805	0.463550521599385	0.244536911415498	0.457920478275386	0.197642426960457	0.389809498318129	102911	0.00011728189307265
457373	79555	125633	163561	312374	0.104463555244178	0.0610173078651616	0.155061999210854	0.115790011547585	0.450277432433123	0.41746200381522	197523	0.000239931832271977
457373	79555	125633	163561	312374	0.104463555244178	0.0610173078651616	0.155061999210854	0.115790011547585	0.450277432433123	0.41746200381522	197523	0.000239931832271977
124859	369165	425057	339099	323202	0.208902542945116	0.436639572271207	0.404385069925647	0.3844124891313	0.45998796281491	0.326686916753824	139597	0.000222997969730408
124859	369165	425057	339099	323202	0.208902542945116	0.436639572271207	0.404385069925647	0.3844124891313	0.45998796281491	0.326686916753824	139597	0.000222997969730408
4168	94192	217662	227563	85192	0.311801925328702	0.0616157735385214	0.203417132503266	0.42491196262301	0.484982186842012	0.486486737992633	120012	0.000220868032247643
4168	94192	217662	227563	85192	0.311801925328702	0.0616157735385214	0.203417132503266	0.42491196262301	0.484982186842012	0.486486737992633	120012	0.000220868032247643
56855	482344	129752	174991	41953	0.380110762438234	0.419574955057084	0.29209242767792	0.263087429114399	0.382059714294295	0.23400348198714	82465	4.10570218693465e-05
56855	482344	129752	174991	41953	0.380110762438234	0.419574955057084	0.29209242767792	0.263087429114399	0.382059714294295	0.23400348198714	82465	4.10570218693465e-05
183056	105882	304602	314447	486303	0.296652551565026	0.0647244481926292	0.445741334223672	0.134946485896545	0.439713216041648	0.475465257351927	14609	0.000212409170725383
183056	105882	304602	314447	486303	0.296652551565026	0.0647244481926292	0.445741334223672	0.134946485896545	0.439713216041648	0.475465257351927	14609	0.000212409170725383
18524	142839	25178	285354	114669	0.381231161421215	0.316558402864205	0.153582289227216	0.223128675571249	0.319541416259047	0.157912461654867	122626	0.000384694020180847
18524	142839	25178	285354	114669	0.381231161421215	0.316558402864205	0.153582289227216	0.223128675571249	0.319541416259047	0.157912461654867	122626	0.000384694020180847
102865	431762	395666	82248	190530	0.122136887336573	0.148331120847914	0.244882269807031	0.478199980381704	0.161719884003001	0.0751052345498042	159378	0.000192274440012523
102865	431762	395666	82248	190530	0.122136887336573	0.148331120847914	0.244882269807031	0.478199980381704	0.161719884003001	0.0751052345498042	159378	0.000192274440012523
303142	172710	160508	451007	138673	0.494779665382775	0.44458761496376	0.101754020881119	0.378448333252249	0.141743080475694	0.318136891830292	115735	4.08008099196013e-06
303142	172710	160508	451007	138673	0.494779665382775	0.44458761496376	0.101754020881119	0.378448333252249	0.141743080475694	0.318136891830292	115735	4.08008099196013e-06
408495	170838	34878	180654	377297	0.362525403308891	0.255494729871928	0.399105827525881	0.296000342874868	0.0597806546793914	0.0116104074277064	161834	6.13059697382851e-05
408495	170838	34878	180654	377297	0.362525403308891	0.255494729871928	0.399105827525881	0.296000342874868	0.0597806546793914	0.0116104074277064	161834	6.13059697382851e-05
144031	139295	137829	267760	373929	0.069996591818915	0.233252192216773	0.450159793702914	0.130165573716362	0.409533014236275	0.137731992898476	165604	0.000367902029628633
144031	139295	137829	267760	373929	0.069996591818915	0.233252192216773	0.450159793702914	0.130165573716362	0.409533014236275	0.137731992898476	165604	0.000367902029628633
263952	302376	468049	306763	264576	0.490501525248771	0.229466726962445	0.0978337686868807	0.278837666241399	0.429770679004319	0.101103170641348	191031	0.000251619763287366
263952	302376	468049	306763	264576	0.490501525248771	0.229466726962445	0.0978337686868807	0.278837666241399	0.429770679004319	0.101103170641348	191031	0.000251619763287366
61109	90895	70460	199204	423199	0.217752250126677	0.248504587719294	0.298342566642031	0.309111275509866	0.165150049695824	0.194415919861045	193747	0.000212270828058943
61109	90895	70460	199204	423199	0.217752250126677	0.248504587719294	0.298342566642031	0.309111275509866	0.165150049695824	0.194415919861045	193747	0.000212270828058943
248602	270645	63642	470486	119658	0.431611565893388	0.0966536962577883	0.297732331263243	0.270713063182672	0.454163519990102	0.19688850923062	75481	0.000235589840276749
248602	270645	63642	470486	119658	0.431611565893388	0.0966536962577883	0.297732331263243	0.270713063182672	0.454163519990102	0.19688850923062	75481	0.000235589840276749
190176	305621	204550	119495	10009	0.231798891165254	0.152762685083492	0.311893324743915	0.496933575958558	0.33278167700311	0.479348638951172	55251	5.77656793704955e-05
190176	305621	204550	119495	10009	0.231798891165254	0.152762685083492	0.311893324743915	0.496933575958558	0.33278167700311	0.479348638951172	55251	5.77656793704955e-05
390401	81005	73816	116746	118416	0.0739002974378338	0.179512247036437	0.374038479309995	0.298093696295834	0.48963870878541	0.0380328575773788	155746	0.000206213230763911
390401	81005	73816	116746	118416	0.0739002974378338	0.179512247036437	0.374038479309995	0.298093696295834	0.48963870878541	0.0380328575773788	155746	0.000206213230763911
457419	10122	373023	30066	432193	0.243983950163042	0.192176639718046	0.0450413810108008	0.146010605045768	0.0731147800495187	0.134169578469	62204	9.1221970323124e-05
457419	10122	373023	30066	432193	0.243983950163042	0.192176639718046	0.0450413810108008	0.146010605045768	0.0731147800495187	0.134169578469	62204	9.1221970323124e-05
397958	104629	371217	415436	459737	0.159816643088626	0.267384485457594	0.232407372514392	0.01805424157993	0.0745723870709528	0.135528929562024	83397	5.75334691817407e-05
397958	104629	371217	415436	459737	0.159816643088626	0.267384485457594	0.232407372514392	0.01805424157993	0.0745723870709528	0.135528929562024	83397	5.75334691817407e-05
428233	328376	32148	65352	259494	0.164230899276266	0.158297526402213	0.389135371300466	0.154866970950894	0.00318403781103357	0.482788716942967	109326	0.000469863582400722
428233	328376	32148	65352	259494	0.164230899276266	0.158297526402213	0.389135371300466	0.154866970950894	0.00318403781103357	0.482788716942967	109326	0.000469863582400722
128756	430224	176098	27842	175996	0.140386573176146	0.185501219868083	0.0950567441709424	0.0390674631249579	0.413449444631921	0.187561101090123	79723	0.000441773714456358
128756	430224	176098	27842	175996	0.140386573176146	0.185501219868083	0.0950567441709424	0.0390674631249579	0.413449444631921	0.187561101090123	79723	0.000441773714456358
195529	235747	355670	207411	104095	0.37847928564154	0.0984468483248063	0.0654259764666116	0.0432278743068787	0.341937121087161	0.162381814071005	74187	0.000224784864748013
195529	235747	355670	207411	104095	0.37847928564154	0.0984468483248063	0.0654259764666116	0.0432278743068787	0.341937121087161	0.162381814071005	74187	0.000224784864748013
414527	331587	111201	54367	200177	0.261541641328563	0.0614139253197763	0.352875777581657	0.375531235609478	0.487713273289972	0.0850873824823816	9020	0.000207597490244778
414527	331587	111201	54367	200177	0.261541641328563	0.0614139253197763	0.352875777581657	0.375531235609478	0.487713273289972	0.0850873824823816	9020	0.000207597490244778
45510	77617	349146	101654	90815	0.0460806829852837	0.212546135873815	0.169819297114441	0.283401971999687	0.076541678197095	0.134955470132574	178047	0.000378267768726568
45510	77617	349146	101654	90815	0.0460806829852837	0.212546135873815	0.169819297114441	0.283401971999687	0.076541678197095	0.134955470132574	178047	0.000378267768726568
257595	197144	63122	18775	411666	0.424967769916291	0.0392821534670741	0.128950084603227	0.141110190558908	0.0216294968522087	0.191986246766946	156735	1.9310074654175e-05
257595	197144	63122	18775	411666	0.424967769916291	0.0392821534670741	0.128950084603227	0.141110190558908	0.0216294968522087	0.191986246766946	156735	1.9310074654175e-05
308188	1986	194664	55180	180610	0.489894611431939	0.259597683456969	0.438482989098045	0.390483889831401	0.195215113604926	0.385510025192858	181797	0.000498662111568032
308188	1986	194664	55180	180610	0.489894611431939	0.259597683456969	0.438482989098045	0.390483889831401	0.195215113604926	0.385510025192858	181797	0.000498662111568032
69173	72628	342572	124997	229153	0.363976628675226	0.450678418489096	0.0387042488349835	0.1306874205294	0.24477491997936	0.00596509064634507	154010	0.000137117713847896
69173	72628	342572	124997	229153	0.363976628675226	0.450678418489096	0.0387042488349835	0.1306874205294	0.24477491997936	0.00596509064634507	154010	0.000137117713847896
346753	99473	43192	110049	493404	0.241129737399444	0.120931544400792	0.258900597824489	0.248161010715012	0.0781512576210436	0.228320083775025	135483	0.000290104921067716
346753	99473	43192	110049	493404	0.241129737399444	0.120931544400792	0.258900597824489	0.248161010715012	0.0781512576210436	0.228320083775025	135483	0.000290104921067716
270332	406957	306440	444674	121809	0.388223452600686	0.0865486017548294	0.0383925489068911	0.113605815060227	0.205179605989831	0.0712040994976016	18719	0.000409625164119061
270332	406957	306440	444674	121809	0.388223452600686	0.0865486017548294	0.0383925489068911	0.113605815060227	0.205179605989831	0.0712040994976016	18719	0.000409625164119061
68830	472349	397564	316189	336548	0.483304366269944	0.27806372251511	0.311681318589869	0.131663800837468	0.37829077163373	0.162207668624263	131146	1.91760353961727e-05
68830	472349	397564	316189	336548	0.483304366269944	0.27806372251511	0.311681318589869	0.131663800837468	0.37829077163373	0.162207668624263	131146	1.91760353961727e-05
124549	193999	318737	448527	316816	0.067675686025442	0.362156783506289	0.461817780818786	0.00403578434146479	0.11151719974285	0.290152372280736	16269	0.000304456774948398
124549	193999	318737	448527	316816	0.067675686025442	0.362156783506289	0.461817780818786	0.00403578434146479	0.11151719974285	0.290152372280736	16269	0.000304456774948398
462073	387020	76402	426100	374823	0.188353075337835	0.459350185782923	0.250940604167852	0.259114650210643	0.483061641954235	0.378803869602519	23781	0.000448783348672208
462073	387020	76402	426100	374823	0.188353075337835	0.459350185782923	0.250940604167852	0.259114650210643	0.483061641954235	0.378803869602519	23781	0.000448783348672208
142394	95845	272713	312649	320459	0.285634436840514	0.117578354963329	0.326965529352043	0.370644381528524	0.112751954427556	0.434519078247826	62069	0.000412487125763204
142394	95845	272713	312649	320459	0.285634436840514	0.117578354963329	0.326965529352043	0.370644381528524	0.112751954427556	0.434519078247826	62069	0.000412487125763204
64289	435068	271490	344457	243236	0.196620870406275	0.280850214739908	0.452899508854512	0.0280113036405183	0.0429093434769611	0.0679657062774399	125138	0.000177659091304638
64289	435068	271490	344457	243236	0.196620870406275	0.280850214739908	0.452899508854512	0.0280113036405183	0.0429093434769611	0.0679657062774399	125138	0.000177659091304638
218496	466119	59835	369664	337107	0.40094054428649	0.166802076474332	0.327832696139558	0.0187611073799922	0.0784435617088206	0.346248011412267	51552	0.000472371880930965
218496	466119	59835	369664	337107	0.40094054428649	0.166802076474332	0.327832696139558	0.0187611073799922	0.0784435617088206	0.346248011412267	51552	0.000472371880930965
11445	467275	170816	308574	427491	0.143313985565656	0.113664212477999	0.355352984099302	0.126555341460711	0.0393917100635811	0.489915537900903	155191	5.09206529987277e-05
11445	467275	170816	308574	427491	0.143313985565656	0.113664212477999	0.355352984099302	0.126555341460711	0.0393917100635811	0.489915537900903	155191	5.09206529987277e-05
288313	397390	282439	474927	348729	0.409663549339395	0.0298615817535804	0.470877228362989	0.479743882588576	0.315180598429308	0.377406552562739	198715	2.4712222593138e-05
288313	397390	282439	474927	348729	0.409663549339395	0.0298615817535804	0.470877228362989	0.479743882588576	0.315180598429308	0.377406552562739	198715	2.4712222593138e-05
441400	231139	113239	163377	444719	0.219721385489119	0.295773125429241	0.330810629751842	0.00621967407444974	0.388585709840302	0.320357383006047	173988	0.000494733306909329
441400	231139	113239	163377	444719	0.219721385489119	0.295773125429241	0.330810629751842	0.00621967407444974	0.388585709840302	0.320357383006047	173988	0.000494733306909329
486236	107731	270796	68068	425760	0.0274510695736772	0.0340968737150723	0.441171498271947	0.347329538737291	0.0737156914923699	0.0103842731811495	44264	0.000330862967806635
486236	107731	270796	68068	425760	0.0274510695736772	0.0340968737150723	0.441171498271947	0.347329538737291	0.0737156914923699	0.0103842731811495	44264	0.000330862967806635
181280	180531	327382	239185	394285	0.0130017986947863	0.310268043919882	0.298026999513371	0.411802418939213	0.163879523027514	0.300651243122386	18489	0.000378066381585901
181280	180531	327382	239185	394285	0.0130017986947863	0.310268043919882	0.298026999513371	0.411802418939213	0.163879523027514	0.300651243122386	18489	0.000378066381585901
357908	262977	222949	179051	489252	0.0383138576210136	0.435604320269347	0.297287149178165	0.154368679148366	0.166263250719471	0.302999796507	126117	0.000347018067517085
357908	262977	222949	179051	489252	0.0383138576210136	0.435604320269347	0.297287149178165	0.154368679148366	0.166263250719471	0.302999796507	126117	0.000347018067517085
109819	371101	178366	226100	401518	0.25217829927075	0.256154109396651	0.265281044299766	0.21768767303439	0.045355744405036	0.0999153979208089	116873	4.29163241209462e-05
109819	371101	178366	226100	401518	0.25217829927075	0.256154109396651	0.265281044299766	0.21768767303439	0.045355744405036	0.0999153979208089	116873	4.29163241209462e-05
104140	54658	310114	190379	309494	0.248481133408037	0.0296616561338714	0.285034293156709	0.404910767990353	0.331125054613367	0.123257856172554	65410	0.000154662755054887
104140	54658	310114	190379	309494	0.248481133408037	0.0296616561338714	0.285034293156709	0.404910767990353	0.331125054613367	0.123257856172554	65410	0.000154662755054887
138960	256147	223633	172924	213833	0.0857088992043243	0.0435931369244366	0.361761297725016	0.351483866403751	0.157934941337052	0.472258971943123	47408	4.9160604536999e-05
138960	256147	223633	172924	213833	0.0857088992043243	0.0435931369244366	0.361761297725016	0.351483866403751	0.157934941337052	0.472258971943123	47408	4.9160604536999e-05
236004	132240	35402	251035	278338	0.0499886733865291	0.389818578247552	0.211096183858268	0.0543577817333949	0.0443411776595934	0.115633398015444	51087	0.000463924867010908
236004	132240	35402	251035	278338	0.0499886733865291	0.389818578247552	0.211096183858268	0.0543577817333949	0.0443411776595934	0.115633398015444	51087	0.000463924867010908
332633	128849	116474	372500	330504	0.0897544458331499	0.270666915567116	0.420448205010813	0.0249942692649244	0.311923107508469	0.17402524298525	128902	0.000138164203158231
332633	128849	116474	372500	330504	0.0897544458331499	0.270666915567116	0.420448205010813	0.0249942692649244	0.311923107508469	0.17402524298525	128902	0.000138164203158231
459531	333872	494875	104123	156732	0.356288680395687	0.215010582340891	0.202106024268756	0.368809820880861	0.143495003590908	0.253337431493871	93720	0.000489878731554141
459531	333872	494875	104123	156732	0.356288680395687	0.215010582340891	0.202106024268756	0.368809820880861	0.143495003590908	0.253337431493871	93720	0.000489878731554141
120945	159771	370722	99983	298146	0.117943631201479	0.00246100110789469	0.0673222512045581	0.287308745860822	0.141266912124467	0.340674654317227	77160	0.000454991792161716
120945	159771	370722	99983	298146	0.117943631201479	0.00246100110789469	0.0673222512045581	0.287308745860822	0.141266912124467	0.340674654317227	77160	0.000454991792161716
330872	465670	490160	244261	211998	0.171093152911702	0.0625379157154287	0.470156827884808	0.149198801376242	0.283390863882531	0.117680547359423	133580	7.86085772685474e-05
330872	465670	490160	244261	211998	0.171093152911702	0.0625379157154287	0.470156827884808	0.149198801376242	0.283390863882531	0.117680547359423	133580	7.86085772685474e-05
152737	97401	360097	258760	349304	0.493787384371591	0.125911654139262	0.228535596242142	0.198245364029904	0.381764809371818	0.333028318112315	152173	0.000126653238025028
152737	97401	360097	258760	349304	0.493787384371591	0.125911654139262	0.228535596242142	0.198245364029904	0.381764809371818	0.333028318112315	152173	0.000126653238025028
434525	112049	225002	347509	194206	0.264482363248961	0.394028792951788	0.234614007240079	0.0834756120056653	0.414135558003925	0.309551168730469	118631	0.000236274934572983
434525	112049	225002	347509	194206	0.264482363248961	0.394028792951788	0.234614007240079	0.0834756120056653	0.414135558003925	0.309551168730469	118631	0.000236274934572983
470064	235619	215154	137106	190520	0.124855880677342	0.325699542415615	0.383922884705731	0.312697000594093	0.431789767133519	0.186125028109216	121999	6.76949149456341e-05
470064	235619	215154	137106	190520	0.124855880677342	0.325699542415615	0.383922884705731	0.312697000594093	0.431789767133519	0.186125028109216	121999	6.76949149456341e-05
91367	282266	209631	34914	227429	0.36328818874302	0.353067958555682	0.423884701252409	0.0154711131849493	0.404044561512827	0.449745343516507	173039	0.000153104324587155
91367	282266	209631	34914	227429	0.36328818874302	0.353067958555682	0.423884701252409	0.0154711131849493	0.404044561512827	0.449745343516507	173039	0.000153104324587155
